標準地の地積,合計価格
109,91124000
325,193700000
576,425664000
196,136416000
121,79981000
119,82705000
220,47960000
163,24287000
135,69525000
120,12720000
207,23391000
134,16884000
132,115368000
115,56465000
183,96441000
154,85624000
207,89010000
107,33063000
175,74725000
100,40000000
297,114642000
113,38533000
141,46248000
201,84018000
260,118040000
100,44200000
132,50820000
190,68020000
110,46420000
134,56414000
186,60636000
158,51824000
114,42522000
100,31700000
199,85570000
158,78052000
141,52593000
127,67056000
144,141120000
189,192780000
220,84480000
65,34255000
184,139656000
997,714849000
126,76230000
135,99900000
198,107316000
1173,699108000
507,391911000
379,274017000
1273,1196620000
198,132858000
143,91949000
522,385758000
104,70408000
105,76335000
1876,1658384000
165,108570000
197,109926000
233,161469000
199,129748000
210,139230000
1221,1006104000
161,100947000
140,92120000
128,83200000
83,56606000
112,65744000
294,224322000
240,162240000
1007,750215000
204,176460000
510,346290000
165,106755000
110,76890000
162,98820000
185,93980000
159,111141000
198,130482000
190,123310000
208,141232000
102,53754000
158,75050000
99,70488000
209,91333000
345,256335000
86,54008000
91,54600000
197,131990000
258,199434000
242,210298000
162,111942000
114,67944000
144,110016000
159,134196000
152,122512000
195,127920000
231,194040000
107,72011000
166,102422000
178,110716000
212,131864000
222,171384000
200,130000000
154,82698000
151,86523000
169,124046000
134,87368000
99,69003000
139,110505000
175,115500000
185,108965000
271,175337000
332,243688000
193,143206000
492,346860000
206,152234000
113,65427000
155,120280000
82,64780000
155,108655000
117,94185000
222,157620000
78,57174000
132,76296000
162,100764000
165,98505000
225,140400000
289,235535000
171,121923000
316,214248000
125,71875000
90,45000000
204,133212000
189,144396000
162,99144000
181,149144000
74,52170000
210,115500000
191,154710000
91,60151000
82,60844000
149,114283000
422,285694000
175,120400000
89,69420000
161,120750000
133,96691000
149,150490000
63,62181000
90,74160000
135,122445000
115,89125000
799,1078650000
4158,4532220000
290,4640000000
162,231660000
1105,6110650000
195,460200000
458,1007600000
172,519440000
297,873180000
1461,5697900000
157,356390000
558,742140000
717,1448340000
2543,6560940000
330,1887600000
478,1132860000
1375,10408750000
1376,10966720000
207,455400000
275,640750000
1724,22239600000
225,290250000
725,1384750000
82,82000000
121,363000000
471,956130000
340,748000000
148,321160000
105,593250000
138,151800000
128,157440000
140,151200000
226,277980000
336,924000000
575,1650250000
58,47444000
435,743850000
59,52510000
742,972020000
880,1135200000
340,1064200000
379,754210000
149,439550000
147,264600000
111,169830000
296,1334960000
107,131610000
220,1280400000
1131,8177130000
426,16273200000
230,184460000
177,207090000
408,489600000
183,82899000
181,86880000
218,154126000
76,40736000
721,742630000
168,113904000
427,909510000
216,257040000
142,90880000
102,62628000
200,125400000
81,50787000
165,111705000
245,140875000
170,113900000
80,46560000
194,125130000
304,258400000
317,244407000
158,85478000
170,142970000
99,44748000
178,100570000
167,80327000
109,62675000
119,87346000
141,124785000
210,260400000
152,182400000
165,86460000
79,117710000
2014,1973720000
86,65704000
144,102240000
108,95904000
132,82368000
75,77250000
586,178730000
165,120780000
151,99962000
118,82364000
102,19176000
346,186840000
118,50622000
1,205000
144,40608000
161,10626000
132,29700000
165,17160000
204,32640000
150,21150000
202,27270000
240,41040000
230,34730000
130,15600000
165,11055000
161,12075000
85,6800000
204,21420000
130,83980000
165,12375000
121,22869000
221,46410000
276,35052000
191,18527000
248,90272000
205,13530000
329,75012000
165,48345000
115,17020000
165,25410000
219,30879000
213,31950000
165,91575000
174,29058000
102,15708000
120,21360000
169,19435000
198,17028000
75,10425000
157,22294000
189,25515000
153,24327000
226,198428000
251,171935000
154,15862000
157,29516000
196,33320000
170,119680000
120,14400000
132,15972000
214,149372000
221,197795000
191,30369000
192,102912000
148,53280000
357,57120000
218,29866000
179,32757000
176,26048000
138,15456000
166,17928000
132,13860000
105,12600000
199,9552000
185,28860000
113,15255000
135,21735000
165,14520000
137,75487000
200,120200000
121,19239000
114,15162000
177,32214000
126,17640000
330,36300000
164,14760000
104,13416000
144,16992000
186,19344000
83,46978000
281,51704000
153,21726000
187,25806000
179,37232000
8433,843300000
90,17100000
138,10626000
135,20520000
143,8294000
169,61009000
111,20979000
194,41904000
165,16995000
124,19716000
466,19106000
100,11100000
212,30316000
125,14125000
269,43578000
213,23430000
125,17125000
170,33150000
107,42158000
168,28560000
198,34650000
155,24490000
249,43824000
122,20740000
3285,519030000
7745,1347630000
144,77184000
190,168150000
142,97270000
187,81719000
111,48174000
67,29949000
130,65780000
165,69630000
105,49560000
160,92000000
85,37060000
146,81322000
71,32660000
132,46992000
136,72624000
109,66926000
158,78052000
275,204050000
155,93000000
98,68992000
204,143004000
73,47450000
131,125498000
202,93930000
122,77958000
127,66675000
122,49654000
196,97804000
98,43610000
95,39045000
99,45045000
92,55844000
150,93300000
154,116578000
73,33215000
105,61635000
141,63873000
56,66640000
158,156894000
142,222940000
112,117600000
203,306530000
1755,24745500000
1511,4548110000
6119,85666000000
215,526750000
140,156800000
535,1091400000
2266,9403900000
590,1085600000
285,914850000
182,598780000
217,872340000
628,2712960000
446,1092700000
438,994260000
104,198640000
792,2439360000
246,285360000
231,475860000
1084,5788560000
751,2733640000
969,3139560000
817,4550690000
226,343520000
229,888520000
780,4539600000
940,5029000000
109,158050000
2587,7812740000
262,563300000
110,141900000
1602,6087600000
113,151420000
8749,31496400000
163,865530000
380,2359800000
132,353760000
79,131140000
467,747200000
114,110580000
174,483720000
198,231660000
236,368160000
843,3801930000
87,346260000
46,34638000
289,887230000
1233,10924380000
163,317850000
205,299300000
330,278520000
92,99360000
314,518100000
329,348740000
109,603860000
160,128320000
147,126273000
160,119040000
232,231536000
94,100580000
290,440800000
196,112308000
198,141570000
124,100564000
110,86570000
115,47725000
79,46452000
182,126854000
143,72072000
195,120120000
81,62694000
99,80289000
89,93450000
98,136220000
270,575100000
91,118300000
74,53058000
151,193280000
101,134330000
123,177120000
282,301740000
127,110744000
116,98020000
95,74955000
118,102188000
101,80699000
666,1172160000
115,109940000
350,249200000
426,472860000
126,170100000
188,263200000
96,78048000
86,63210000
203,430360000
51048,22154832000
74,50838000
71,42955000
1655,1424955000
87,56898000
141,108288000
255,233325000
296,375920000
84,58800000
94,68432000
84,53760000
106,67734000
155,199950000
412,389340000
513,600210000
94,58186000
248,290160000
114,84246000
533,708890000
129,92622000
462,1062600000
99,86823000
222,211788000
147,123480000
114,80598000
297,244728000
213,141645000
112,102704000
82,53464000
136,112064000
89,54201000
347,345265000
147,101871000
148,148000000
198,176814000
201,317580000
145,168200000
112,39760000
125,32125000
159,48495000
180,49320000
119,32725000
196,52920000
140,46620000
165,53130000
198,60786000
140,86520000
132,64548000
125,66125000
116,25636000
124,40300000
154,51590000
148,46620000
283,98201000
188,85916000
117,42705000
75,32025000
127,62230000
69,34500000
431,271961000
158,76788000
111,69597000
136,52088000
118,81420000
234,95472000
133,48545000
229,122057000
82,28372000
110,37180000
126,110754000
107,73830000
84,79632000
102,100674000
211,55915000
123,15867000
200,26000000
236,53100000
603,127836000
185,25715000
251,49949000
200,38000000
210,30450000
291,44232000
132,25212000
183,34038000
165,25905000
108,18900000
170,25840000
305,48495000
263,50233000
138,31602000
366,74664000
263,116772000
299,56212000
139,23213000
135,24435000
232,35960000
224,34944000
147,21756000
188,42112000
2055,1023390000
113,60568000
244,170800000
157,87135000
993,732834000
162,225180000
247,75335000
165,81345000
220,104060000
109,52429000
89,48149000
159,105735000
135,71010000
321,156648000
166,87814000
246,117096000
297,153252000
146,74898000
189,84294000
144,75168000
264,106392000
2401,1382976000
231,155001000
263,165164000
165,76890000
122,51850000
238,114240000
165,78045000
437,314203000
210,128940000
107,52537000
162,81810000
264,162624000
191,102376000
134,57084000
100,47300000
104,41600000
88,41008000
254,177800000
338,335634000
117,99684000
163,88835000
155,91760000
133,143640000
237,178935000
246,146370000
125,60000000
119,77350000
207,125856000
295,175525000
127,59182000
173,92901000
174,92916000
304,151392000
266,153748000
121,53845000
81,37260000
107,48685000
170,77860000
119,75565000
152,88768000
132,60456000
185,94535000
119,57715000
171,102258000
99,52866000
208,103792000
363,229779000
132,61116000
228,110580000
196,127596000
132,73656000
107,78752000
272,180880000
1232,691152000
171,37962000
134,29078000
100,20900000
2105,452575000
146,34456000
180,44100000
129,31218000
165,41085000
218,53846000
209,47025000
154,34496000
117,29133000
165,43065000
165,39600000
204,51000000
96,19296000
105,21525000
194,46560000
148,32264000
329,75012000
131,25152000
168,45864000
165,38445000
169,39546000
155,37355000
115,33005000
126,39816000
138,48852000
201,72360000
253,96393000
165,53955000
173,56052000
181,68961000
97,29100000
120,44400000
150,55800000
107,38520000
225,76950000
495,468765000
99,93654000
242,462220000
186,295740000
327,315555000
110,165000000
126,108234000
454,472160000
163,135127000
187,153714000
157,180550000
372,409200000
538,672500000
174,122670000
266,266000000
157,133921000
103,69010000
81,103680000
191,186225000
100,87500000
157,121518000
335,338350000
146,122202000
936,1020240000
231,219450000
471,640560000
166,258960000
82,75932000
289,287555000
127,104013000
132,133320000
78,59202000
153,177480000
175,276500000
250,260000000
130,145600000
108,118800000
778,2022800000
201,257280000
261,336690000
161,115437000
236,190216000
205,155390000
322,347760000
115,143750000
127,86360000
132,100452000
146,104098000
1688,1991840000
130,89830000
86,63124000
161,94185000
169,206180000
303,296637000
217,180761000
103,104030000
201,183312000
175,102725000
115,100510000
314,195936000
197,155827000
169,112047000
102,90168000
201,152358000
401,3356370000
224,268800000
886,5067920000
204,434520000
234,332280000
533,2132000000
149,570670000
236,354000000
148,335960000
66,73260000
113,177410000
272,394400000
101,257550000
129,174150000
141,238290000
123,177120000
369,368631000
356,836600000
171,430920000
434,1024240000
230,141450000
212,177444000
250,149500000
140,98700000
192,140352000
238,354620000
335,673350000
107,97798000
200,390000000
131,707400000
177,185850000
209,198968000
197,262010000
290,319000000
396,394020000
2199,3034620000
218,222360000
215,391300000
646,46512000
132,104016000
114,110694000
105,11655000
115,17135000
165,17160000
120,31200000
120,18120000
201,21708000
130,22620000
102,18462000
193,41495000
206,30694000
120,32520000
223,51959000
149,35909000
185,31450000
121,24200000
1194,186264000
197,45113000
143,32890000
148,31524000
134,22646000
141,26790000
137,30825000
132,27456000
105,22995000
132,24948000
100,19600000
99,18216000
185,42550000
167,30561000
109,23871000
195,51285000
3325,621775000
301,32508000
200,44400000
145,27405000
165,28380000
104,19552000
135,28620000
185,32005000
100,22300000
190,27170000
123,19926000
104,24232000
107,28034000
160,25120000
125,24375000
108,26676000
100,19700000
330,199650000
132,74448000
189,93744000
152,76912000
106,65190000
109,206010000
235,138650000
297,170775000
165,103290000
163,90302000
330,191400000
187,93126000
146,65992000
136,70584000
148,77700000
337,249043000
168,82656000
99,54054000
214,121980000
110,50270000
189,122283000
139,70195000
232,196736000
192,164160000
332,207832000
182,93730000
141,86010000
132,61776000
96,57888000
90,43200000
225,115875000
198,115632000
100,61800000
214,121338000
282,151152000
115,53705000
230,104880000
164,87740000
196,99372000
160,105440000
136,84048000
244,161772000
204,145248000
77,49357000
183,94245000
181,92672000
130,69420000
133,75943000
76,49932000
134,66598000
330,196350000
132,67716000
194,92732000
284,205616000
84,46704000
123,76260000
198,118206000
143,103389000
93,66402000
182,129038000
220,135520000
146,73000000
114,73074000
132,73260000
104,47320000
86,47042000
127,86106000
133,107464000
100,117000000
208,47216000
231,49203000
264,50688000
123,21156000
100,15200000
661,131539000
162,36612000
132,29172000
115,25415000
264,52536000
216,44064000
165,31515000
106,22578000
120,20640000
1068,207192000
110,19030000
168,33096000
100,17000000
109,28340000
102,26928000
135,36315000
122,32452000
230,61870000
112,30688000
165,51645000
186,55986000
119,29155000
145,53070000
137,36853000
148,51800000
119,37485000
158,49454000
117,28197000
207,60030000
109,37387000
172,45408000
107,35845000
360,168120000
171,48051000
125,44875000
130,41470000
298,114432000
99,28116000
130,46670000
115,37030000
163,46129000
111,28416000
100,28500000
104,29744000
95,23465000
188,51512000
165,42735000
104,27664000
113,29719000
116,36888000
131,36418000
162,48114000
117,31005000
105,37275000
162,17982000
93,9672000
193,20844000
257,29298000
267,34443000
164,18860000
165,17325000
238,125426000
205,38130000
133,24738000
150,26550000
165,27720000
120,20400000
151,24613000
198,30888000
154,26180000
193,25862000
201,28743000
142,18886000
117,21294000
110,17930000
112,15792000
263,43132000
1655,248250000
155,24335000
570,86070000
215,56545000
206,37904000
143,27456000
101,18483000
145,29580000
235,39010000
103,17201000
135,22950000
127,23495000
110,19030000
226,52432000
169,28899000
103,22866000
100,17200000
119,25466000
139,23352000
146,60298000
99,34254000
1716,736164000
119,55811000
95,35245000
182,77714000
731,434214000
470,211500000
492,195324000
126,57456000
99,55836000
127,63881000
332,147076000
165,77880000
423,229689000
155,78895000
215,88365000
127,53467000
134,59764000
115,43930000
114,54036000
117,45864000
163,75632000
104,48152000
165,58245000
153,56610000
224,78400000
131,44016000
495,202455000
74,25086000
150,56550000
119,47124000
169,74191000
220,78320000
287,174783000
171,81567000
93,38130000
148,78884000
114,59850000
182,100646000
102,55794000
366,157746000
75,50475000
74,44696000
74,44104000
72,40608000
5346,2779920000
118,96878000
535,220420000
139,63662000
148,21312000
209,24453000
113,14012000
197,21079000
148,16132000
110,12540000
118,14986000
1464,161040000
113,17289000
147,17052000
99,11088000
105,14175000
186,79236000
287,151536000
135,64935000
142,88892000
130,48490000
346,239086000
151,107965000
127,78867000
176,106304000
214,145734000
460,441140000
130,83460000
176,108240000
229,107859000
309,196833000
203,130326000
131,75980000
178,86152000
163,110025000
182,129038000
204,303960000
158,53088000
60,23040000
107,40553000
67,26532000
99,27918000
132,35772000
100,38300000
1048,438064000
112,49952000
99,44253000
94,36660000
326,125184000
82,27388000
77,24717000
119,36771000
165,52635000
78,26910000
155,48670000
78,29952000
75,33300000
99,33858000
131,41527000
100,28300000
170,69700000
99,38907000
69,20148000
137,45758000
109,44799000
98,36162000
165,54120000
191,59974000
1249,512090000
437,207138000
79,23542000
136,60656000
127,43307000
561,212619000
197,90620000
255,97410000
346,159160000
188,57716000
274,84118000
928,335008000
22,7986000
86,32078000
115,47840000
70,25900000
92,35880000
185,71595000
72,26640000
76,26904000
84,30660000
101,33229000
87,28710000
122,47702000
170,65790000
148,59200000
69,24012000
163,67156000
100,31700000
151,76557000
109,37278000
99,29106000
126,47628000
161,83720000
462,133518000
109,39240000
68,31076000
88,41800000
304,173280000
1885,974545000
1653,780216000
73,27959000
75,27825000
77,31801000
159,66939000
88,50600000
199,74625000
2314,1434680000
91,33579000
140,125020000
108,67176000
476,363188000
209,177650000
80,42720000
166,94786000
47,20304000
97,59073000
1242,776250000
1823,1403710000
116,64032000
117,52533000
205,107625000
54,26190000
85,44370000
198,121176000
52,33488000
93,16833000
212,35616000
129,20769000
173,48267000
133,30457000
164,39524000
113,21470000
197,53781000
121,18755000
100,13800000
247,345800000
175,196000000
271,428180000
276,720360000
371,1164940000
141,135360000
137,194540000
135,95850000
297,377190000
339,1528890000
399,534660000
1099,10583370000
239,346550000
131,280340000
165,1551000000
337,721180000
534,624780000
3089,8927210000
200,296000000
393,589500000
80,73840000
104,232960000
362,825360000
144,102096000
148,149480000
181,169416000
304,528960000
154,169400000
78,432900000
134,771840000
101,107060000
169,375180000
321,526440000
286,620620000
130,187200000
181,233490000
143,227370000
251,296180000
198,227700000
157,222940000
184,1183120000
85,110500000
192,783360000
187,230010000
593,4921900000
780,9906000000
499,1676640000
189,1030050000
202,1098880000
129,624360000
874,5576120000
2208,15301440000
438,1362180000
379,1982170000
633,1633140000
188,282000000
1901,5855080000
456,1199280000
143,148720000
153,189720000
331,549460000
287,1191050000
89,158420000
247,894140000
78,142740000
148,452880000
436,1874800000
169,256880000
150,219000000
94,126900000
476,918680000
380,657400000
96,135360000
935,3627800000
537,2787030000
686,3491740000
81,125550000
280,627200000
228,392160000
360,741600000
2045,5746450000
365,843150000
163,335780000
374,841500000
254,381000000
709,3892410000
392,921200000
338,2893280000
182,709800000
213,632610000
173,370220000
233,316880000
278,517080000
1157,1504100000
363,722370000
146,220460000
104,338000000
737,2911150000
187,643280000
212,504560000
106,265000000
96,172800000
85,242250000
441,1142190000
299,484380000
475,1277750000
231,492030000
495,1019700000
330,1230900000
288,385920000
454,1089600000
199,650730000
3507,12800550000
100,43200000
211,62878000
138,44160000
165,52800000
165,49005000
122,35258000
128,37376000
117,18135000
280,38080000
126,19530000
178,26344000
164,29356000
131,37466000
317,63717000
165,17820000
224,26880000
157,21980000
149,27267000
225,36450000
236,47672000
209,31141000
165,26235000
188,28952000
175,29925000
197,32505000
256,36864000
164,23616000
215,48375000
179,23628000
408,63648000
149,19817000
245,53900000
150,25650000
165,49170000
225,34650000
236,36816000
145,21605000
200,35600000
228,44004000
247,78299000
204,28764000
220,44440000
137,14522000
192,26496000
156,20124000
189,27594000
351,54054000
123,12669000
132,17292000
145,119045000
100,16000000
485,67415000
175,31150000
110,14630000
106,11660000
149,30992000
140,20160000
130,18590000
215,31820000
149,21605000
231,36267000
148,19388000
192,25920000
230,33580000
229,40991000
155,31620000
178,27056000
124,28520000
151,18120000
150,19200000
136,113288000
132,72468000
153,19125000
147,47334000
388,156752000
288,47808000
209,62491000
121,29645000
165,37785000
228,138396000
157,36424000
234,94302000
159,17013000
118,37288000
1456,241696000
4383,1240389000
137,127684000
933,881685000
330,291390000
400,524000000
361,389880000
144,190080000
308,348040000
346,519000000
1001,1091090000
376,281248000
93,79887000
245,225645000
279,230733000
86,83678000
193,160190000
111,73704000
161,151018000
203,167881000
273,217308000
115,94415000
185,165575000
142,134900000
255,216495000
125,131250000
200,344000000
82,69782000
89,83927000
330,319110000
198,173646000
681,1035120000
263,270890000
167,134769000
164,127756000
298,271478000
142,100536000
186,208320000
125,93500000
276,214176000
143,117260000
145,127165000
363,90750000
268,84688000
155,23560000
97,13483000
123,21525000
102,17340000
117,28431000
132,36168000
184,48392000
191,40683000
134,33902000
210,63000000
220,60060000
121,33880000
209,44517000
200,40600000
112,27552000
111,29526000
840,189000000
108,29916000
115,30130000
138,37260000
102,19278000
90,18990000
105,28455000
158,42660000
130,22620000
193,36091000
165,56100000
165,47355000
146,44530000
115,32085000
116,31900000
118,30208000
231,91476000
100,23300000
130,25090000
226,38646000
110,31240000
181,43802000
101,21715000
170,33320000
122,22936000
489,128118000
96,22656000
99,35145000
1147,391127000
136,40664000
143,25740000
143,19877000
103,26368000
171,62244000
110,26840000
200,59800000
270,521100000
260,219440000
382,269310000
139,55183000
185,71965000
176,78496000
104,44408000
165,72435000
165,71445000
170,62390000
110,40590000
79,30494000
177,65136000
191,83085000
174,64206000
117,49842000
165,71940000
130,50050000
144,70416000
123,51537000
166,67230000
132,56760000
99,33858000
121,43076000
110,34430000
199,97709000
110,30800000
198,84942000
168,69048000
168,67536000
143,60775000
110,45540000
100,43600000
113,38194000
201,72360000
185,86950000
112,44912000
173,79407000
121,45133000
104,37544000
163,58354000
110,43230000
108,38124000
165,64515000
270,138240000
370,231250000
194,104372000
110,39710000
165,74745000
136,45288000
115,43240000
196,89964000
143,56771000
150,51750000
110,44110000
112,37296000
150,48750000
145,57710000
99,39798000
132,69036000
132,55968000
133,60648000
186,75516000
110,41250000
180,95940000
91,33943000
108,44280000
130,55380000
452,203400000
133,69293000
190,46930000
125,52625000
236,114696000
179,90753000
138,63204000
108,42876000
100,40000000
133,61313000
134,44622000
175,78750000
374,157828000
132,67980000
185,125430000
96,59616000
121,16698000
137,19591000
116,14036000
134,22646000
196,34692000
118,60888000
355,143420000
117,230490000
162,74196000
92,50876000
101,45147000
116,52780000
109,57443000
163,71231000
168,139608000
1037,601460000
99,50193000
97,55775000
93,50592000
147,82614000
74,39812000
363,129591000
547,202937000
87,29580000
100,33600000
193,75849000
94,26414000
3049,978729000
107,34989000
173,59166000
97,27742000
91,34944000
138,50646000
104,30992000
140,37520000
219,67452000
158,52614000
100,36700000
132,63624000
109,30629000
98,43218000
117,37206000
100,35800000
149,40081000
123,35916000
517,160270000
112,42336000
125,41000000
163,51345000
148,38628000
165,55770000
181,68780000
112,37184000
122,34404000
127,42291000
160,65600000
109,35207000
157,47257000
145,46980000
90,31950000
83,24817000
229,85188000
148,57276000
87,33756000
181,67875000
77,24178000
64,16064000
151,99509000
67,31490000
116,33872000
114,31008000
138,38640000
110,31900000
127,36576000
127,39243000
142,38624000
173,53284000
204,64056000
115,30935000
92,27600000
136,37672000
147,40425000
67,20368000
198,55044000
165,52965000
290,89900000
497,164507000
194,58200000
165,38940000
146,48764000
396,150876000
208,62608000
116,33988000
77,29337000
153,40239000
196,110936000
255,82620000
208,57408000
187,63393000
132,51480000
145,43935000
155,46965000
146,53728000
238,85204000
146,49932000
112,43904000
142,41464000
140,41440000
208,73008000
201,59898000
139,44063000
98,33026000
128,50176000
174,59682000
198,81180000
179,65335000
165,66660000
102,38352000
139,52681000
124,44764000
132,46464000
115,44850000
163,62429000
205,71135000
573,206853000
99,154440000
238,214200000
502,868460000
307,285203000
117,115011000
808,1607920000
194,140650000
86,149640000
495,455400000
279,435240000
125,107125000
214,188320000
135,71415000
80,42320000
198,129492000
108,62424000
103,58813000
127,69342000
195,159510000
142,191700000
732,1771440000
210,241500000
115,67735000
187,123981000
188,116748000
132,73920000
113,83055000
180,100800000
404,292496000
73,45260000
138,97290000
112,62608000
75,64500000
162,124254000
121,211750000
95,60895000
268,356440000
74,46916000
146,74752000
115,62675000
137,83570000
146,34894000
120,30000000
119,30226000
114,40584000
131,36549000
1668,530424000
12,2784000
231,85470000
198,39204000
150,54300000
613,564573000
100,24400000
254,103378000
122,169580000
898,206540000
105,28140000
120,36840000
187,49368000
134,47704000
82,25502000
110,34650000
211,69841000
134,34706000
132,34320000
3594,1272276000
173,66432000
99,27225000
109,47415000
166,60922000
126,36792000
113,32657000
109,34771000
167,47094000
113,59551000
126,32382000
123,36039000
7367,3462490000
102,53040000
260,91000000
141,51324000
105,26040000
147,34251000
101,35249000
156,44772000
101,25452000
118,51684000
99,22869000
132,37488000
116,36656000
205,80155000
140,41440000
198,47124000
176,48224000
136,32504000
93,31062000
185,46435000
582,179838000
257,105370000
102,33558000
567,250614000
184,86664000
420,115920000
350,120050000
123,29274000
264,90024000
69,21597000
165,54780000
101,26563000
198,69300000
133,34580000
170,56950000
99,32868000
182,75894000
170,69360000
198,49698000
141,31020000
134,31088000
94,24440000
83,49219000
165,44550000
334,83500000
95,52250000
155,69440000
127,56896000
198,119790000
162,122634000
165,28710000
79,12640000
161,20769000
366,118950000
121,18634000
119,12971000
113,12091000
120,13920000
121,16214000
115,19435000
135,56025000
114,16644000
345,104190000
198,11682000
109,71504000
99,17226000
169,29744000
1503,241983000
